0003503
0018805
0082301
0082305
0092002
0132701
0145801
0147505
0153903
0168802
0170001
0170003
0186101
0186201
0208301
0232702
0261003
0271402
0287804
0351101
0351102
0351201
0360602
0360702
0371002
0379401
0382402
0408004
0417401
0417403
0428702
0438502
0455502
0461102
0461202
0471101
0490902
0561505
0577901
0583502
0585203
0608101
0658601
0658701
0658801
0668502
0680901
0695201
0695202
0711002
0717902
0718001
0718202
0718501
0718801
0718901
0746503
0746604
0746703
0747101
0747102
0752503
1074002
1056803
0996702
0996601
0917601
0907201
0903803
0888101
0861702
0861601
0850303
0824202
0824101
0822501
0793204
0789401
